# 3D point list with one line per 3D point:
#   POINT3D_ID, X, Y, Z, R, G, B, ERROR, TRACK[] as (IMAGE_ID, POINT2D_IDX)
# Number of points: 703
1 173.563630 -32.422183 4.600174 201 142 144 0.4130 1 1
2 173.563630 -32.422183 4.600174 201 142 144 0.4130 1 1
3 173.529060 -31.840638 4.903580 204 132 139 0.3626 1 1
4 173.629832 -30.851546 4.874989 202 135 139 0.4017 1 1
5 173.629832 -30.851546 4.874989 202 135 139 0.4017 1 1
6 173.739235 -28.511280 4.576240 64 65 106 0.3848 1 1
7 173.898234 -27.178965 4.569612 75 80 111 1.0266 1 1
8 173.920780 -26.809460 4.578587 240 250 244 0.2646 1 1
9 173.920780 -26.809460 4.578587 240 250 244 0.2646 1 1
10 173.254584 -31.989775 4.481792 254 247 250 0.0758 1 1
11 173.555214 -31.728188 4.405071 194 116 119 0.4323 1 1
12 173.555214 -31.728188 4.405071 194 116 119 0.4323 1 1
13 173.764022 -28.353564 4.340684 253 254 246 0.6893 1 1
14 173.823815 -27.892911 4.161112 242 235 239 0.5702 1 1
15 173.630266 -30.980967 3.670631 254 252 254 0.3601 1 1
16 173.742566 -28.994739 3.955584 159 103 121 0.2812 1 1
17 173.742566 -28.994739 3.955584 159 103 121 0.2812 1 1
18 173.736263 -28.914803 4.009332 244 253 249 0.0831 1 1
19 173.795619 -28.164084 3.948250 160 100 108 0.2959 1 1
20 173.785877 -28.224776 3.874846 241 252 245 0.1190 1 1
21 173.811935 -27.963927 3.898346 170 105 116 0.4302 1 1
22 173.805701 -28.115939 3.837954 175 110 127 0.3866 1 1
23 173.805701 -28.115939 3.837954 175 110 127 0.3866 1 1
24 173.862613 -27.802985 3.654751 186 109 95 0.2031 1 1
25 173.659564 -30.696880 3.249088 82 148 134 0.0831 1 1
26 173.764625 -28.801789 3.192123 240 244 244 0.1237 1 1
27 173.832964 -28.012697 3.196410 47 25 42 0.2082 1 1
28 173.930520 -27.115360 3.499815 189 101 96 0.1826 1 1
29 173.942468 -26.673738 3.411810 195 120 107 0.3229 1 1
30 173.943794 -26.629719 3.297239 94 48 61 0.0921 1 1
31 173.928899 -26.658841 3.206355 236 168 159 0.2344 1 1
32 173.718405 -29.650273 3.116730 230 240 245 0.0257 1 1
33 173.718405 -29.650273 3.116730 230 240 245 0.0257 1 1
34 173.735340 -29.517981 3.117667 235 247 247 0.0836 1 1
35 173.755983 -29.135990 3.053413 4 12 59 0.5305 1 1
36 173.747471 -29.021979 3.063504 18 19 77 0.5658 1 1
37 173.893224 -27.601112 3.043624 58 61 112 0.5162 1 1
39 173.926060 -26.751116 3.052426 240 248 251 0.0333 1 1
40 173.448989 -31.496544 1.731285 244 251 252 0.1377 1 1
41 173.453624 -31.273350 1.720001 231 247 248 0.2139 1 1
42 173.366121 -32.399538 1.648811 111 108 147 0.2330 1 1
43 173.348331 -32.141103 1.656863 118 111 170 0.1204 1 1
44 173.342145 -32.077976 1.635795 249 251 253 0.1387 1 1
45 173.362525 -32.426364 1.426832 118 115 168 0.1147 1 1
46 173.353125 -32.179153 1.397507 237 238 255 0.2199 1 1
47 173.379053 -31.848766 1.601653 110 108 165 0.1161 1 1
48 173.459862 -31.234988 1.692565 60 130 95 0.4456 1 1
49 173.462085 -31.219230 1.618509 60 141 92 0.6167 1 1
50 173.471657 -31.105206 1.713565 225 250 238 0.5439 1 1
51 173.452922 -31.459539 1.409953 246 249 255 0.4828 1 1
52 173.485395 -30.749102 1.592972 225 253 249 0.4900 1 1
53 173.485395 -30.749102 1.592972 225 253 249 0.4900 1 1
54 173.485966 -30.764978 1.426295 131 130 180 0.0533 1 1
55 173.494392 -30.715992 1.294593 164 58 91 0.2588 1 1
56 173.348456 -32.077942 1.206650 114 107 160 0.5403 1 1
57 173.382794 -31.877380 0.917742 108 105 169 0.4974 1 1
58 173.452049 -31.493437 1.005550 241 242 255 0.3100 1 1
59 173.465258 -31.195537 0.824998 164 79 103 0.1791 1 1
60 173.465258 -31.195537 0.824998 164 79 103 0.1791 1 1
61 173.466988 -31.176579 0.776600 252 239 245 0.0960 1 1
62 173.474236 -31.094621 0.776424 242 247 246 0.0612 1 1
63 173.483504 -30.693257 1.124468 242 234 232 0.6423 1 1
64 173.484537 -30.611667 1.120161 241 240 249 0.6277 1 1
65 173.455740 -31.357754 0.714368 245 238 251 0.0647 1 1
66 173.471600 -31.173588 0.520489 165 131 146 0.6419 1 1
67 173.489058 -30.641776 0.620264 228 240 253 0.3950 1 1
68 173.490950 -30.857200 0.342106 98 96 170 0.4462 1 1
69 173.489692 -30.688999 0.357478 106 101 170 0.1704 1 1
70 173.607000 -30.076723 0.472985 128 124 159 0.2074 1 1
71 173.007353 -28.063307 0.199384 72 116 178 0.3629 1 1
72 173.396591 -31.920863 0.101187 244 242 236 0.2409 1 1
73 173.400088 -31.831394 0.136621 249 241 246 0.0729 1 1
74 173.462151 -31.411846 0.205418 244 242 241 0.8324 1 1
75 173.474628 -31.122348 0.130884 168 94 112 0.3390 1 1
76 173.462481 -31.512011 -0.016880 115 106 160 0.4977 1 1
77 173.492686 -30.745238 0.175614 153 79 96 0.1716 1 1
78 173.491275 -30.742670 0.126887 252 236 234 0.3253 1 1
79 173.489347 -30.699458 0.022628 114 100 174 0.5029 1 1
80 173.608595 -30.066279 0.037694 244 241 239 0.5743 1 1
81 173.096533 -29.359806 -0.030155 224 230 231 0.1799 1 1
82 173.185314 -28.934330 -0.018135 148 167 166 0.2197 1 1
83 173.210787 -28.775587 -0.038560 229 235 234 0.1576 1 1
84 173.977493 -28.038587 5.010338 242 243 245 0.0846 1 1
85 173.560435 -32.532291 4.613135 227 130 119 0.0723 1 1
86 173.617051 -31.028550 4.822899 255 250 246 0.1200 1 1
87 173.617051 -31.028550 4.822899 255 250 246 0.1200 1 1
88 173.619092 -30.343835 4.600701 255 252 247 0.5621 1 1
89 173.619092 -30.343835 4.600701 255 252 247 0.5621 1 1
90 173.724782 -28.822674 4.598992 66 67 107 0.4474 1 1
91 173.724782 -28.822674 4.598992 66 67 107 0.4474 1 1
92 173.799974 -28.078309 4.647076 67 68 108 0.4069 1 1
93 173.842093 -27.714791 4.637192 59 64 104 0.0377 1 1
94 173.850923 -27.663296 4.612661 235 248 241 0.0370 1 1
95 173.929998 -26.461450 4.549242 244 251 248 0.4216 1 1
96 173.564034 -32.345227 4.396153 211 139 143 0.4804 1 1
97 173.564034 -32.345227 4.396153 211 139 143 0.4804 1 1
98 173.630980 -30.934449 4.144269 142 132 168 0.3944 1 1
99 173.688402 -29.682621 4.410707 85 79 74 0.3143 1 1
100 173.722697 -28.825967 4.506990 62 63 108 0.3558 1 1
101 173.722697 -28.825967 4.506990 62 63 108 0.3558 1 1
102 173.745773 -28.396228 4.464505 55 58 115 0.6594 1 1
103 173.773026 -28.256973 4.423808 247 254 255 0.3278 1 1
104 173.784647 -28.196148 4.472943 60 60 109 0.4010 1 1
105 173.825077 -27.902133 4.383845 56 66 81 0.1067 1 1
106 173.828675 -27.852851 4.419293 235 250 243 0.1981 1 1
107 173.867547 -27.572143 4.460718 240 251 246 0.4758 1 1
108 173.840954 -27.759959 4.419597 242 250 251 0.3476 1 1
109 173.847195 -27.712704 4.383579 72 75 91 0.5026 1 1
110 173.855071 -27.669968 4.421412 242 253 254 0.5037 1 1
111 173.855071 -27.669968 4.421412 242 253 254 0.5037 1 1
112 173.845960 -27.733914 4.331645 237 249 241 0.5171 1 1
113 173.862682 -27.636487 4.373385 63 65 84 0.6407 1 1
114 173.885228 -27.470342 4.409956 247 254 253 0.9137 1 1
115 173.885228 -27.470342 4.409956 247 254 253 0.9137 1 1
116 173.904103 -27.434857 4.088703 233 233 239 0.0981 1 1
117 173.904103 -27.434857 4.088703 233 233 239 0.0981 1 1
118 173.906022 -27.183378 4.422181 68 66 124 1.2103 1 1
119 173.918537 -26.855232 4.454733 67 64 113 0.7782 1 1
120 173.912978 -26.960530 4.421317 72 67 125 0.6289 1 1
121 173.912978 -26.960530 4.421317 72 67 125 0.6289 1 1
122 173.930226 -26.528205 4.537361 73 72 92 0.3290 1 1
123 173.937031 -26.527764 4.399929 73 67 118 0.3410 1 1
124 173.937031 -26.527764 4.399929 73 67 118 0.3410 1 1
125 173.932752 -26.415685 4.379348 71 67 128 0.6609 1 1
126 173.587540 -33.049378 3.869338 127 113 167 0.4243 1 1
127 173.575837 -31.568675 4.012429 251 249 254 0.1037 1 1
128 173.575837 -31.568675 4.012429 251 249 254 0.1037 1 1
129 173.614567 -31.155535 3.673788 251 248 253 0.2043 1 1
130 173.732299 -28.961251 4.051586 242 253 249 0.1514 1 1
131 173.735933 -28.873160 3.911019 243 252 248 0.2435 1 1
132 173.737098 -28.795892 3.871131 157 97 94 0.3592 1 1
133 173.751881 -28.704953 3.858033 174 124 137 0.3309 1 1
134 173.751881 -28.704953 3.858033 174 124 137 0.3309 1 1
135 173.763862 -28.485208 3.844593 172 103 107 0.5962 1 1
136 173.778311 -28.272363 3.911552 240 251 253 0.1725 1 1
137 173.766478 -28.587332 3.789670 203 119 104 0.5715 1 1
138 173.819978 -27.946986 4.064086 244 244 251 0.4182 1 1
139 173.823489 -27.912026 3.926035 247 247 255 0.5987 1 1
140 173.820419 -28.020268 3.826742 167 98 123 0.4428 1 1
141 173.826287 -27.913263 3.601109 213 199 196 0.3927 1 1
142 173.955253 -26.648665 3.814748 188 96 80 0.5415 1 1
143 173.587914 -32.971272 3.259461 232 254 252 0.1710 1 1
144 173.587914 -32.971272 3.259461 232 254 252 0.1710 1 1
145 173.553620 -31.953526 3.354602 246 254 254 0.1592 1 1
146 171.143315 -33.285009 3.620390 241 251 251 0.0975 1 1
147 173.590729 -31.452479 3.383834 233 252 250 1.1890 1 1
148 173.590729 -31.452479 3.383834 233 252 250 1.1890 1 1
149 173.735230 -29.490864 3.193117 232 248 240 0.3678 1 1
150 173.762640 -28.432066 3.165175 14 22 48 0.5472 1 1
151 173.773145 -28.344144 3.173527 28 21 51 0.7184 1 1
152 173.906352 -27.568181 3.533652 191 107 101 0.3781 1 1
153 173.924088 -26.878504 3.169191 237 248 247 0.2380 1 1
154 173.949608 -26.514598 3.404477 190 106 102 0.1561 1 1
155 173.956144 -26.527006 3.350135 208 181 173 0.2774 1 1
156 173.585630 -31.577841 2.999969 230 246 245 0.1053 1 1
157 173.654335 -30.406470 3.079325 244 255 255 0.3194 1 1
158 173.747365 -29.369322 3.112954 28 30 65 0.2497 1 1
159 173.751185 -29.242509 3.051547 6 19 64 0.5278 1 1
161 174.112645 -31.874267 2.642853 143 117 89 0.0734 1 1
162 173.636508 -32.242934 2.224270 186 185 183 0.5044 1 1
163 173.346752 -32.132032 1.601998 107 104 169 0.1057 1 1
164 173.351064 -32.179491 1.579868 252 249 255 0.1140 1 1
165 173.357098 -32.267748 1.394348 247 252 248 0.0866 1 1
166 173.357098 -32.267748 1.394348 247 252 248 0.0866 1 1
167 173.355530 -32.218054 1.423976 116 111 166 0.0451 1 1
168 173.348951 -32.077588 1.363030 119 116 183 0.3111 1 1
169 173.347921 -32.123173 1.341639 244 250 252 0.2929 1 1
170 173.452018 -31.417897 1.631549 234 248 237 0.2767 1 1
171 173.452018 -31.417897 1.631549 234 248 237 0.2767 1 1
172 173.463258 -31.190448 1.711587 233 252 246 0.4184 1 1
173 173.477962 -31.021161 1.705322 235 252 248 0.6430 1 1
174 173.485703 -30.795398 1.711690 238 253 243 0.5625 1 1
175 173.481791 -30.741952 1.694728 65 128 87 0.5547 1 1
176 173.483446 -30.655491 1.307741 167 51 78 0.3152 1 1
177 173.479672 -30.564366 1.496868 81 77 139 0.1668 1 1
178 173.479672 -30.564366 1.496868 81 77 139 0.1668 1 1
179 173.232600 -29.262952 1.392650 214 155 153 0.0764 1 1
180 173.308413 -28.632307 1.461799 23 23 48 0.1763 1 1
181 173.277722 -28.104564 1.443803 59 51 83 0.5019 1 1
182 173.309709 -27.717933 1.286160 49 54 66 0.3685 1 1
183 173.356658 -32.218247 1.205857 117 113 163 0.3785 1 1
184 173.359938 -32.203206 1.140879 115 110 174 0.4443 1 1
185 173.359938 -32.203206 1.140879 115 110 174 0.4443 1 1
186 173.366706 -32.369370 0.979301 112 111 167 0.4015 1 1
187 173.370290 -31.961965 0.896691 113 110 176 0.5019 1 1
188 173.488849 -30.731054 1.163674 173 62 97 0.6033 1 1
189 173.483255 -30.662709 1.011007 101 93 180 0.5269 1 1
190 173.483026 -31.026702 0.819734 152 67 91 0.0334 1 1
191 173.231427 -28.949766 0.727014 193 187 185 0.2125 1 1
192 173.359547 -32.127602 0.433158 251 246 245 0.2233 1 1
193 173.459069 -31.461386 0.719626 245 240 247 0.0467 1 1
194 173.461091 -31.482862 0.599774 156 144 173 0.3445 1 1
195 173.459952 -31.367204 0.654494 110 148 178 0.1944 1 1
196 173.459066 -31.233706 0.708333 233 240 245 0.0463 1 1
197 173.451249 -31.292752 0.560133 238 238 243 0.2939 1 1
198 173.480041 -31.051662 0.755569 170 76 104 0.1418 1 1
199 173.466018 -31.073111 0.700369 246 237 247 0.3717 1 1
200 173.493888 -30.765315 0.572999 40 125 190 0.5520 1 1
201 173.492213 -30.810493 0.349591 235 241 252 0.5113 1 1
202 173.492213 -30.810493 0.349591 235 241 252 0.5113 1 1
203 173.484295 -30.662343 0.402256 234 236 251 0.1992 1 1
204 173.215978 -28.987612 0.528041 223 229 229 0.1966 1 1
205 173.463775 -31.572033 0.195601 240 248 250 0.3681 1 1
206 173.463643 -31.574884 0.070198 239 242 244 0.6616 1 1
207 173.465699 -31.230819 -0.057172 119 115 180 0.0635 1 1
208 173.494262 -30.664862 0.250844 248 244 249 0.2142 1 1
209 173.490979 -30.668127 0.184348 252 242 241 0.2530 1 1
210 173.486550 -30.898510 0.012245 240 243 248 0.4670 1 1
211 173.488945 -30.909582 -0.035288 115 110 168 0.3156 1 1
212 173.181400 -28.983883 -0.016465 234 232 233 0.5338 1 1
213 173.024693 -28.142298 0.016389 248 249 254 0.1917 1 1
215 173.627529 -30.949156 4.593832 217 127 117 0.1283 1 1
216 173.725987 -29.061370 4.622668 250 253 249 0.5920 1 1
217 173.725987 -29.061370 4.622668 250 253 249 0.5920 1 1
218 173.728826 -28.734313 4.657998 75 75 108 0.3762 1 1
219 173.728826 -28.734313 4.657998 75 75 108 0.3762 1 1
220 173.734696 -28.669912 4.620596 241 249 240 0.3277 1 1
221 173.740474 -28.492834 4.650414 74 71 101 0.4366 1 1
222 173.761870 -28.308766 4.648522 72 75 105 0.6255 1 1
223 173.782040 -28.193782 4.636906 69 74 96 0.4136 1 1
224 173.782040 -28.193782 4.636906 69 74 96 0.4136 1 1
225 173.791388 -28.134545 4.610075 244 251 246 0.4774 1 1
226 173.791388 -28.134545 4.610075 244 251 246 0.4774 1 1
227 173.782000 -28.194538 4.576299 63 67 108 0.3893 1 1
228 173.782000 -28.194538 4.576299 63 67 108 0.3893 1 1
229 173.807583 -28.027526 4.606585 241 246 246 0.3846 1 1
230 173.822574 -27.964074 4.575571 58 68 97 0.1626 1 1
231 173.910780 -27.120631 4.583308 240 250 251 0.7471 1 1
232 173.905636 -27.009010 4.578577 245 254 250 0.5424 1 1
233 173.913531 -26.861656 4.614516 75 75 107 0.5264 1 1
234 173.932475 -26.614693 4.602259 76 75 113 0.0778 1 1
235 173.940510 -26.301470 4.597464 78 72 108 0.9492 1 1
236 173.632959 -30.551752 4.495965 205 106 103 0.5009 1 1
237 173.723226 -28.897678 4.421378 80 79 95 0.3037 1 1
238 173.732921 -28.846378 4.198576 248 255 251 0.0266 1 1
239 173.740779 -28.569196 4.441767 252 250 252 0.3972 1 1
240 173.772600 -28.250519 4.524350 249 255 242 0.3198 1 1
241 173.755952 -28.322485 4.399651 64 63 96 0.7133 1 1
242 175.560609 -27.666197 4.204089 250 248 253 0.4490 1 1
243 173.811986 -28.025590 4.424614 249 254 252 0.1206 1 1
244 173.841379 -27.720779 4.491870 60 58 106 0.2059 1 1
245 173.841379 -27.720779 4.491870 60 58 106 0.2059 1 1
246 173.875037 -27.538313 4.399864 59 71 88 0.5413 1 1
247 173.867011 -27.592678 4.238947 204 114 91 0.8951 1 1
248 173.906234 -27.124747 4.405106 245 253 243 0.8573 1 1
249 173.934731 -26.466980 4.388728 251 254 246 0.3767 1 1
250 173.931806 -26.364710 4.359131 253 252 251 0.5372 1 1
251 175.058820 -31.614611 3.515457 132 123 169 0.1378 1 1
252 175.058820 -31.614611 3.515457 132 123 169 0.1378 1 1
253 173.561939 -32.027555 3.675065 145 135 183 0.2069 1 1
254 173.746676 -29.037664 3.919377 245 254 247 0.0282 1 1
255 173.751694 -28.603917 4.056363 244 249 251 0.3544 1 1
256 173.754354 -28.564324 3.989376 207 119 111 0.4382 1 1
257 173.758071 -28.666840 3.903798 241 247 247 0.2822 1 1
258 173.769988 -28.310574 3.950584 210 108 88 0.2787 1 1
259 173.796280 -28.170497 3.788604 245 250 253 0.2376 1 1
260 173.814523 -28.071073 3.793361 239 238 248 0.2880 1 1
261 173.831200 -27.986155 3.776779 243 246 245 0.2783 1 1
262 173.931745 -27.165061 3.595572 205 124 117 0.1827 1 1
263 173.945803 -26.628568 4.028755 217 119 108 0.1504 1 1
264 173.951820 -26.642806 3.652799 216 124 115 0.3938 1 1
265 173.588423 -32.994934 3.149865 252 251 255 0.6272 1 1
266 173.570389 -31.738835 3.147412 245 254 254 0.3073 1 1
267 173.570389 -31.738835 3.147412 245 254 254 0.3073 1 1
268 173.923625 -27.362785 3.389440 181 98 83 0.1942 1 1
269 173.882545 -27.621721 3.125297 245 251 252 0.1404 1 1
270 173.882545 -27.621721 3.125297 245 251 252 0.1404 1 1
271 173.919003 -27.236390 3.474720 204 113 98 0.0690 1 1
272 173.929168 -27.114868 3.555074 222 222 225 0.2234 1 1
273 173.933378 -26.651806 3.354420 224 194 209 0.1472 1 1
274 173.588977 -33.072388 3.105480 243 251 253 0.7195 1 1
275 173.610059 -31.319618 3.102708 249 252 252 0.2405 1 1
276 173.610059 -31.319618 3.102708 249 252 252 0.2405 1 1
277 173.657961 -30.596230 3.053748 241 255 255 0.4011 1 1
278 173.657961 -30.596230 3.053748 241 255 255 0.4011 1 1
279 173.765912 -28.605575 3.057936 55 55 86 0.3987 1 1
280 173.916582 -27.381750 3.113421 60 62 95 0.3138 1 1
281 173.916582 -27.381750 3.113421 60 62 95 0.3138 1 1
282 173.935297 -26.536487 3.089840 62 64 86 0.2660 1 1
283 173.361117 -32.381726 1.582776 116 108 180 0.1938 1 1
284 173.356267 -32.321506 1.563006 245 250 255 0.0632 1 1
285 173.358681 -32.354910 1.472321 247 253 255 0.0733 1 1
286 173.356942 -32.023046 1.249150 241 248 236 0.4682 1 1
287 173.356735 -31.976311 1.596701 239 245 249 0.1098 1 1
288 173.367886 -31.948904 1.482819 238 243 244 0.1520 1 1
289 173.367886 -31.948904 1.482819 238 243 244 0.1520 1 1
290 173.331638 -32.040986 1.483643 240 246 241 0.8006 1 1
291 173.331638 -32.040986 1.483643 240 246 241 0.8006 1 1
292 173.379517 -31.894547 1.317842 142 142 197 0.1105 1 1
293 173.456446 -31.553243 1.412204 241 249 245 0.5272 1 1
294 173.451012 -31.414586 1.717175 239 249 247 0.2456 1 1
295 173.252069 -28.985907 1.503487 203 131 136 0.2936 1 1
296 173.252069 -28.985907 1.503487 203 131 136 0.2936 1 1
297 173.372363 -31.964647 1.109417 134 127 203 0.2397 1 1
298 173.451356 -31.331356 1.009351 236 241 245 0.5133 1 1
299 173.451356 -31.331356 1.009351 236 241 245 0.5133 1 1
300 173.359806 -32.134247 0.613922 251 253 250 0.3003 1 1
301 173.367165 -32.267438 0.427025 253 250 249 0.1373 1 1
302 173.367165 -32.267438 0.427025 253 250 249 0.1373 1 1
303 173.357437 -32.149107 0.364619 173 53 74 0.2729 1 1
304 173.357437 -32.149107 0.364619 173 53 74 0.2729 1 1
305 173.457291 -31.409629 0.702598 231 243 243 0.1318 1 1
306 173.459956 -31.332113 0.589844 235 251 253 0.1551 1 1
307 173.459956 -31.332113 0.589844 235 251 253 0.1551 1 1
308 173.467090 -31.195937 0.603339 240 243 245 0.2319 1 1
309 173.490282 -30.591125 0.426822 118 113 173 0.0531 1 1
310 173.205379 -29.037596 0.635510 231 233 230 0.2363 1 1
311 173.375846 -32.308753 0.290017 250 248 251 0.2757 1 1
312 173.375846 -32.308753 0.290017 250 248 251 0.2757 1 1
313 173.371415 -32.004145 0.209590 234 246 246 0.4338 1 1
314 173.415344 -31.771912 0.183708 167 65 85 0.1480 1 1
315 173.488463 -31.023467 0.168625 184 111 122 0.4105 1 1
316 173.494436 -30.663433 0.066240 238 245 244 0.4520 1 1
317 173.489601 -30.600509 0.213183 189 112 141 0.3753 1 1
318 173.487427 -30.605320 0.003120 114 96 172 0.6362 1 1
319 173.160249 -29.067624 0.030292 221 226 225 0.2907 1 1
320 173.022091 -28.140920 0.115644 243 248 250 0.4115 1 1
321 173.032464 -28.206288 -0.090746 243 252 253 0.2729 1 1
322 173.613420 -30.071589 -0.301800 175 174 173 0.4298 1 1
323 173.554214 -31.597791 4.858053 230 115 115 0.0354 1 1
324 173.554214 -31.597791 4.858053 230 115 115 0.0354 1 1
325 173.559133 -31.605224 4.654285 235 129 123 0.3796 1 1
326 173.559133 -31.605224 4.654285 235 129 123 0.3796 1 1
327 173.571980 -31.385584 4.760395 238 252 252 0.3950 1 1
328 173.571980 -31.385584 4.760395 238 252 252 0.3950 1 1
329 173.588747 -31.304363 4.611351 228 134 123 0.1772 1 1
330 173.618167 -30.963852 4.855761 228 131 134 0.4180 1 1
331 173.618167 -30.963852 4.855761 228 131 134 0.4180 1 1
332 173.626776 -30.822293 4.850764 234 139 128 0.4031 1 1
333 173.631521 -30.699307 4.544474 216 126 121 0.8115 1 1
334 173.623170 -30.454151 4.792616 247 252 250 0.2715 1 1
335 173.735709 -28.603809 4.649180 70 72 98 0.2191 1 1
336 173.735709 -28.603809 4.649180 70 72 98 0.2191 1 1
337 173.862699 -27.594259 4.620766 69 73 85 0.1605 1 1
338 173.875625 -27.518993 4.589237 244 250 251 0.1376 1 1
339 173.875625 -27.518993 4.589237 244 250 251 0.1376 1 1
340 173.910293 -27.061265 4.623138 86 84 115 0.7774 1 1
341 173.921923 -26.734681 4.590609 95 97 106 0.3825 1 1
342 173.573764 -31.395442 4.518030 239 248 245 0.7184 1 1
343 173.631338 -30.983826 4.405974 217 118 114 0.3741 1 1
344 173.630622 -30.451292 4.402479 221 125 123 0.1051 1 1
345 173.725460 -29.061317 4.470496 252 252 251 0.1004 1 1
346 173.824671 -27.933024 4.464707 73 76 89 0.0209 1 1
347 173.779778 -28.233732 4.154646 237 246 247 0.3970 1 1
348 173.916920 -26.876866 4.340331 90 86 99 0.6559 1 1
349 173.924236 -26.618549 4.335500 84 84 90 0.0498 1 1
350 173.563282 -31.524231 3.789740 243 246 241 0.2225 1 1
351 173.748800 -29.103145 3.882565 211 121 104 0.1586 1 1
352 173.732808 -28.935793 3.880775 205 123 94 0.2863 1 1
353 173.751698 -28.745207 3.795646 252 251 253 0.3799 1 1
354 173.759364 -28.383745 4.026184 200 109 85 0.5492 1 1
355 173.840074 -27.846694 3.864999 204 118 91 0.5074 1 1
356 173.840074 -27.846694 3.864999 204 118 91 0.5074 1 1
357 173.845068 -27.799845 3.782968 222 233 234 0.1311 1 1
358 173.845068 -27.799845 3.782968 222 233 234 0.1311 1 1
359 173.835636 -27.845984 3.709186 180 98 67 0.1556 1 1
360 173.584188 -32.584595 3.447267 61 142 124 0.1939 1 1
361 173.584188 -32.584595 3.447267 61 142 124 0.1939 1 1
362 173.584351 -32.438727 3.442940 66 149 127 0.2339 1 1
363 173.584561 -32.581953 3.333677 48 130 108 0.0838 1 1
364 173.580453 -32.258922 3.444613 56 150 126 0.3006 1 1
365 173.577414 -31.669422 3.409267 55 140 112 0.3588 1 1
366 173.570662 -31.727071 3.334174 250 252 254 0.4209 1 1
367 173.585769 -31.600396 3.199204 253 251 251 0.3662 1 1
368 173.585769 -31.600396 3.199204 253 251 251 0.3662 1 1
369 173.633945 -31.096250 3.431512 83 149 127 0.3746 1 1
370 173.633945 -31.096250 3.431512 83 149 127 0.3746 1 1
371 173.617408 -31.243098 3.354809 64 155 128 0.2970 1 1
372 173.651636 -30.881035 3.310331 252 252 254 0.1272 1 1
373 173.651636 -30.881035 3.310331 252 252 254 0.1272 1 1
374 173.780778 -28.555585 3.432911 213 179 146 0.2785 1 1
375 173.590451 -32.766822 3.023345 70 153 134 0.9080 1 1
376 173.590451 -32.766822 3.023345 70 153 134 0.9080 1 1
377 173.559802 -31.810746 3.066620 69 154 136 0.0614 1 1
378 173.559802 -31.810746 3.066620 69 154 136 0.0614 1 1
379 173.570401 -31.727789 3.028457 252 247 251 0.1752 1 1
380 173.591660 -31.515933 3.059757 66 157 123 0.1270 1 1
381 173.591660 -31.515933 3.059757 66 157 123 0.1270 1 1
382 173.596717 -31.433478 3.017821 250 251 252 0.1966 1 1
383 173.620214 -31.247775 3.122048 71 151 128 0.3742 1 1
384 173.620214 -31.247775 3.122048 71 151 128 0.3742 1 1
385 173.631740 -31.188429 3.037909 251 249 254 0.1162 1 1
386 173.631740 -31.188429 3.037909 251 249 254 0.1162 1 1
387 173.647475 -31.016843 3.044296 252 253 253 0.2268 1 1
388 173.647475 -31.016843 3.044296 252 253 253 0.2268 1 1
389 173.651364 -30.882944 3.124277 252 252 253 0.2661 1 1
390 173.651364 -30.882944 3.124277 252 252 253 0.2661 1 1
391 173.658597 -30.753150 3.048021 250 248 252 0.5762 1 1
392 173.663484 -30.672024 3.105894 73 164 133 0.3752 1 1
393 173.916978 -27.300305 2.988680 231 243 241 1.0116 1 1
394 173.356045 -32.245298 1.266723 246 252 246 0.3423 1 1
395 173.354041 -32.230607 1.487740 243 249 250 0.0695 1 1
396 173.354041 -32.230607 1.487740 243 249 250 0.0695 1 1
397 173.380565 -31.871990 1.470487 238 245 238 0.1083 1 1
398 173.380565 -31.871990 1.470487 238 245 238 0.1083 1 1
399 173.453578 -31.305103 1.696201 247 247 243 0.3051 1 1
400 173.454633 -31.400236 1.517568 240 243 246 0.4428 1 1
401 173.460168 -31.243439 1.633889 85 153 113 0.4250 1 1
402 173.444978 -31.220232 1.316035 242 248 244 0.0857 1 1
403 173.478174 -30.976770 1.633591 79 176 117 0.4501 1 1
404 173.486004 -30.736842 1.645011 92 165 119 0.4092 1 1
405 173.283037 -28.855564 1.554307 227 136 140 0.3402 1 1
406 173.362151 -32.015709 1.030495 239 242 252 0.3789 1 1
407 173.362151 -32.015709 1.030495 239 242 252 0.3789 1 1
408 173.451300 -31.369705 1.214439 189 110 118 0.1901 1 1
409 173.451300 -31.369705 1.214439 189 110 118 0.1901 1 1
410 173.462809 -31.110245 1.218135 184 96 118 0.2210 1 1
411 173.362433 -32.204340 0.579765 180 42 76 0.1156 1 1
412 173.356631 -32.156619 0.521049 238 253 250 0.1753 1 1
413 173.458507 -31.555801 0.561649 232 247 246 0.1530 1 1
414 173.446825 -31.303931 0.696895 240 243 241 0.2490 1 1
415 173.221419 -28.819800 0.214685 181 194 192 0.4085 1 1
416 173.021612 -28.004519 0.150906 249 253 253 0.3526 1 1
417 173.369821 -32.264824 0.222886 177 48 86 0.0706 1 1
418 173.397589 -31.881841 0.189737 185 53 66 0.0892 1 1
419 173.392473 -31.876874 0.105205 233 248 244 0.0513 1 1
420 173.471048 -31.124446 -0.057210 111 102 190 0.1175 1 1
421 173.471048 -31.124446 -0.057210 111 102 190 0.1175 1 1
422 173.389873 -31.917612 -0.240210 232 244 251 0.3824 1 1
423 173.570008 -32.921450 4.864061 236 142 129 0.0521 1 1
424 173.570008 -32.921450 4.864061 236 142 129 0.0521 1 1
425 173.564877 -32.724963 4.870815 228 131 118 0.3469 1 1
426 173.559605 -32.598608 4.753822 223 117 113 0.4072 1 1
427 173.558807 -32.452394 4.867515 234 122 119 0.3302 1 1
428 173.558807 -32.452394 4.867515 234 122 119 0.3302 1 1
429 173.559007 -32.499351 4.753724 248 250 250 0.1259 1 1
430 173.559007 -32.499351 4.753724 248 250 250 0.1259 1 1
431 173.561189 -32.454057 4.638014 245 143 129 0.3490 1 1
432 173.561189 -32.454057 4.638014 245 143 129 0.3490 1 1
433 173.556781 -32.289540 4.867879 231 131 135 0.2323 1 1
434 173.536198 -31.928186 4.776160 244 250 250 0.4047 1 1
435 173.557963 -31.635962 4.757657 244 253 246 0.1431 1 1
436 173.557963 -31.635962 4.757657 244 253 246 0.1431 1 1
437 173.602253 -31.135804 4.849231 229 133 116 0.1236 1 1
438 173.602253 -31.135804 4.849231 229 133 116 0.1236 1 1
439 173.627944 -30.538353 4.782631 235 133 121 0.4095 1 1
440 173.824700 -27.929531 4.575129 57 63 74 0.1611 1 1
441 173.895370 -27.437789 4.621384 79 80 89 0.2430 1 1
442 173.575352 -32.832655 4.403956 209 126 134 0.4277 1 1
443 173.575352 -32.832655 4.403956 209 126 134 0.4277 1 1
444 173.562530 -32.509084 4.524360 243 252 244 0.4501 1 1
445 173.563750 -32.476831 4.409661 229 137 126 0.6467 1 1
446 173.563750 -32.476831 4.409661 229 137 126 0.6467 1 1
447 173.534228 -31.899376 4.434465 237 137 122 0.2384 1 1
448 173.550768 -31.747976 4.431781 228 126 113 0.4309 1 1
449 173.573348 -31.417166 4.419537 222 117 98 0.6468 1 1
450 173.609098 -31.167230 4.418085 238 136 131 0.4549 1 1
451 173.630265 -30.403817 4.534651 218 132 105 0.6736 1 1
452 173.725564 -28.967389 4.527559 63 69 74 0.1832 1 1
453 173.881011 -27.497585 4.250812 230 229 239 0.7140 1 1
454 173.916283 -27.118148 4.253372 176 156 155 1.2060 1 1
455 173.621973 -31.054435 3.876169 246 250 247 0.4299 1 1
456 173.624362 -31.071985 3.750659 160 144 191 0.3140 1 1
457 173.745607 -29.175760 3.840427 247 255 251 0.2156 1 1
458 173.916886 -27.178241 3.749638 191 107 83 0.2503 1 1
459 173.590862 -32.747586 3.436306 55 157 126 0.3022 1 1
460 173.582796 -32.349790 3.167965 255 244 251 0.1226 1 1
461 173.582796 -32.349790 3.167965 255 244 251 0.1226 1 1
462 173.579406 -32.113605 3.430324 73 156 120 0.0402 1 1
463 173.552780 -31.941363 3.429163 78 163 126 0.1088 1 1
464 173.561533 -31.785854 3.428107 69 158 130 0.3219 1 1
465 173.623224 -31.277553 3.422608 80 147 115 0.7684 1 1
466 173.650664 -30.473068 3.407465 70 163 126 0.3269 1 1
467 173.763269 -28.862703 3.427587 210 126 82 0.5785 1 1
468 173.817600 -28.158293 3.369140 192 157 128 0.7787 1 1
469 173.847487 -27.938176 3.182482 64 65 87 0.3517 1 1
470 173.934452 -27.059553 3.329084 209 162 133 0.3830 1 1
471 173.587068 -32.604298 3.042718 58 157 119 0.3153 1 1
472 173.587654 -32.683581 2.966183 249 250 253 0.7807 1 1
473 173.575350 -32.283322 3.088790 59 148 120 0.1594 1 1
474 173.561212 -32.026985 3.081872 58 154 130 0.6519 1 1
475 173.561212 -32.026985 3.081872 58 154 130 0.6519 1 1
476 173.646809 -31.000051 2.945306 104 120 133 0.4780 1 1
477 173.658348 -30.670098 2.999315 16 71 72 0.5368 1 1
478 173.351138 -32.137107 1.286895 245 252 245 0.4435 1 1
479 173.465983 -31.103759 1.633315 54 146 91 0.7688 1 1
480 173.450092 -31.243761 1.515849 233 244 247 0.4451 1 1
481 173.450092 -31.243761 1.515849 233 244 247 0.4451 1 1
482 173.458715 -31.203542 1.412581 137 133 199 0.4630 1 1
483 173.458715 -31.203542 1.412581 137 133 199 0.4630 1 1
484 173.482691 -30.600410 1.385582 240 246 242 0.3732 1 1
485 173.255445 -28.942224 1.224663 169 158 174 0.3089 1 1
486 173.464132 -31.531938 0.904548 240 248 246 0.2237 1 1
487 173.445642 -31.422298 1.011175 195 190 226 0.1718 1 1
488 173.459270 -31.204607 1.008596 135 130 206 0.4807 1 1
489 173.459270 -31.204607 1.008596 135 130 206 0.4807 1 1
490 173.452085 -31.470413 0.810850 176 108 126 0.1906 1 1
491 173.473715 -31.075718 1.002803 108 102 181 0.4533 1 1
492 173.473715 -31.075718 1.002803 108 102 181 0.4533 1 1
493 173.457358 -31.241274 0.788780 205 92 103 0.1301 1 1
494 173.476200 -30.997740 1.210985 201 112 132 0.3249 1 1
495 173.476200 -30.997740 1.210985 201 112 132 0.3249 1 1
496 173.363065 -32.432018 0.463387 252 254 254 0.2002 1 1
497 173.378283 -32.368093 0.365056 194 52 78 0.3182 1 1
498 173.355500 -32.185256 0.384315 177 61 67 0.3623 1 1
499 173.460072 -31.537893 0.685905 250 244 246 0.2234 1 1
500 173.464671 -31.536832 0.472836 237 244 246 0.1969 1 1
501 173.464911 -31.172734 0.677449 239 239 242 0.0988 1 1
502 173.464911 -31.172734 0.677449 239 239 242 0.0988 1 1
503 173.459274 -31.378609 0.466792 235 241 240 0.3416 1 1
504 173.463098 -31.264761 0.354476 127 116 202 0.5886 1 1
505 173.463098 -31.264761 0.354476 127 116 202 0.5886 1 1
506 173.481726 -31.100657 0.352989 97 93 172 0.8095 1 1
507 173.481726 -31.100657 0.352989 97 93 172 0.8095 1 1
508 173.487702 -30.784681 0.685508 234 244 251 0.6478 1 1
509 173.487702 -30.784681 0.685508 234 244 251 0.6478 1 1
510 173.489979 -30.714369 0.578063 62 143 202 0.4491 1 1
511 173.489979 -30.714369 0.578063 62 143 202 0.4491 1 1
512 173.485033 -30.954483 0.362100 121 117 194 0.6809 1 1
513 173.485033 -30.954483 0.362100 121 117 194 0.6809 1 1
514 173.481650 -30.782964 0.482117 232 241 247 0.4868 1 1
515 173.481650 -30.782964 0.482117 232 241 247 0.4868 1 1
516 173.490461 -30.733649 0.373897 99 91 180 0.4344 1 1
517 173.490461 -30.733649 0.373897 99 91 180 0.4344 1 1
518 173.490055 -30.609640 0.731904 239 241 245 0.2784 1 1
519 173.365601 -32.148868 0.273597 248 246 245 0.2785 1 1
520 173.472653 -31.387796 0.145955 199 112 124 0.6990 1 1
521 173.472653 -31.387796 0.145955 199 112 124 0.6990 1 1
522 173.479630 -31.086867 0.153232 154 92 100 0.4831 1 1
523 173.479630 -31.086867 0.153232 154 92 100 0.4831 1 1
524 173.462817 -31.288329 -0.049367 144 141 195 0.0455 1 1
525 173.462817 -31.288329 -0.049367 144 141 195 0.0455 1 1
526 173.483545 -30.993130 -0.059594 111 102 184 0.3135 1 1
527 173.483545 -30.993130 -0.059594 111 102 184 0.3135 1 1
528 173.543487 -32.016732 4.858227 234 125 118 0.4090 1 1
529 173.543487 -32.016732 4.858227 234 125 118 0.4090 1 1
530 173.576672 -31.904412 4.543010 244 248 246 0.0868 1 1
531 173.576672 -31.904412 4.543010 244 248 246 0.0868 1 1
532 173.551865 -31.703287 4.661252 216 114 94 0.2835 1 1
533 173.551865 -31.703287 4.661252 216 114 94 0.2835 1 1
534 173.721355 -28.960841 4.634367 82 76 83 0.3297 1 1
535 173.574428 -32.592442 4.425959 227 129 102 0.3640 1 1
536 173.574428 -32.592442 4.425959 227 129 102 0.3640 1 1
537 173.562965 -32.019670 4.448620 222 123 100 0.1511 1 1
538 173.750612 -28.362556 4.536274 68 78 71 0.6408 1 1
539 173.580434 -32.528382 3.693893 146 130 182 0.4745 1 1
540 173.575888 -31.465416 3.679373 150 140 177 0.0372 1 1
541 173.575888 -31.465416 3.679373 150 140 177 0.0372 1 1
542 173.606660 -31.260919 3.687405 154 134 189 0.0810 1 1
543 173.793271 -28.382346 3.693914 210 123 90 0.7126 1 1
544 173.794929 -28.160176 4.036048 203 130 92 0.0982 1 1
545 173.593721 -32.859573 3.212573 248 250 246 0.5036 1 1
546 173.558243 -31.911427 3.303866 252 250 251 0.0537 1 1
547 173.558243 -31.911427 3.303866 252 250 251 0.0537 1 1
548 173.645342 -30.874874 3.423031 84 171 131 0.4561 1 1
549 173.832047 -28.002660 3.355405 208 163 145 0.5371 1 1
550 173.832047 -28.002660 3.355405 208 163 145 0.5371 1 1
551 173.935167 -26.611966 3.395818 234 238 240 0.0624 1 1
552 173.582886 -32.492964 2.993674 255 251 254 0.3945 1 1
553 173.554984 -31.916350 3.045704 250 251 246 0.4050 1 1
554 173.554984 -31.916350 3.045704 250 251 246 0.4050 1 1
555 173.644126 -31.100375 2.959869 113 133 143 0.3192 1 1
556 173.720110 -29.723669 3.066649 22 20 45 0.1999 1 1
557 173.722467 -29.566053 3.067481 28 43 66 0.1746 1 1
558 173.752764 -29.361826 3.073041 88 103 130 0.4244 1 1
559 173.745557 -28.980854 3.105308 26 25 36 0.2474 1 1
560 173.759713 -28.723793 3.110248 25 24 40 0.1263 1 1
561 173.930056 -26.672026 3.060366 60 67 74 0.0325 1 1
562 173.385408 -31.832739 1.351168 122 116 194 0.0482 1 1
563 173.340136 -32.028928 1.146508 153 153 214 0.3356 1 1
564 173.351632 -32.154636 1.048432 245 249 248 0.6757 1 1
565 173.351632 -32.154636 1.048432 245 249 248 0.6757 1 1
566 173.357592 -32.411809 0.799369 248 252 248 0.4938 1 1
567 173.356303 -32.265575 0.783721 245 248 253 0.0291 1 1
568 173.375044 -31.963199 0.918183 142 143 196 0.4838 1 1
569 173.465976 -31.131404 0.888474 239 243 246 0.3125 1 1
570 173.485644 -30.708311 1.014569 121 118 187 0.5168 1 1
571 173.491794 -30.782975 0.910842 236 243 243 0.1558 1 1
572 173.489466 -30.709406 0.794220 221 151 156 0.1400 1 1
573 173.489466 -30.709406 0.794220 221 151 156 0.1400 1 1
574 173.476967 -31.103833 0.581455 176 173 209 0.4681 1 1
575 173.483005 -30.868673 0.067192 235 238 244 0.3746 1 1
576 173.488792 -30.742360 0.149948 238 187 198 0.2645 1 1
577 173.488792 -30.742360 0.149948 238 187 198 0.2645 1 1
578 173.566110 -32.709342 4.731435 245 247 243 0.3034 1 1
579 173.563400 -32.582379 4.633405 231 119 107 0.2165 1 1
580 173.556997 -32.005488 4.665022 230 142 122 0.3286 1 1
581 173.586632 -31.250553 4.943511 245 249 238 0.0703 1 1
582 173.602244 -31.044351 4.953036 245 249 242 0.3273 1 1
583 173.636362 -30.717735 4.935793 249 249 242 0.3810 1 1
584 173.628829 -30.459984 4.922596 247 249 247 0.0345 1 1
585 173.879410 -27.364831 4.577822 74 76 76 0.4211 1 1
586 173.556965 -31.612326 4.527117 241 249 242 0.1054 1 1
587 173.543210 -31.702602 4.126711 148 132 179 0.0900 1 1
588 173.577995 -32.302052 3.723169 140 125 176 0.4144 1 1
589 173.933369 -26.834936 3.754803 206 114 95 0.6821 1 1
590 173.582703 -32.514977 3.549513 242 254 242 0.3190 1 1
591 173.568064 -32.027129 3.401052 71 158 122 0.2910 1 1
592 173.574568 -32.139852 3.287966 249 249 247 0.7617 1 1
593 173.579604 -31.618762 3.537792 248 250 247 0.2091 1 1
594 173.579604 -31.618762 3.537792 248 250 247 0.2091 1 1
595 173.617103 -31.254349 3.237241 245 250 248 0.4272 1 1
596 173.784121 -28.398523 3.135301 71 96 111 0.5582 1 1
597 173.632472 -32.719166 2.724163 174 155 134 0.6280 1 1
598 173.568361 -32.162685 3.050987 245 250 248 0.2191 1 1
599 173.568361 -32.162685 3.050987 245 250 248 0.2191 1 1
600 173.657190 -30.877940 2.983371 92 134 132 0.6059 1 1
601 173.811420 -28.170084 3.122630 32 32 52 0.4408 1 1
602 173.482521 -30.855044 1.129604 235 243 240 0.5883 1 1
603 173.365217 -32.126254 0.141625 234 250 247 0.7834 1 1
604 173.489621 -30.754239 -0.046805 114 112 162 0.5101 1 1
605 173.569150 -32.832048 4.848295 234 144 122 0.1741 1 1
606 173.555644 -32.170313 4.579050 245 247 245 0.4242 1 1
607 173.631889 -30.552676 4.625674 246 246 244 0.4234 1 1
608 173.631889 -30.552676 4.625674 246 246 244 0.4234 1 1
609 173.570790 -32.702963 4.290571 242 244 239 0.5732 1 1
610 173.566775 -32.261478 4.094010 147 130 182 0.4001 1 1
611 173.566775 -32.261478 4.094010 147 130 182 0.4001 1 1
612 173.546069 -31.833949 4.277878 245 246 241 0.2864 1 1
613 173.619266 -31.052966 4.283367 243 246 240 0.2319 1 1
614 173.764729 -28.186106 4.330307 210 138 98 0.4189 1 1
615 173.582752 -32.708554 3.612911 245 248 243 0.1067 1 1
616 173.560231 -31.984362 3.737354 151 136 184 0.4711 1 1
617 173.544353 -31.768153 3.938462 243 246 241 0.0439 1 1
618 173.565274 -31.670075 3.732095 145 137 181 0.0891 1 1
619 173.584595 -31.387657 3.842465 246 248 246 0.0444 1 1
620 173.584595 -31.387657 3.842465 246 248 246 0.0444 1 1
621 173.616354 -31.211979 3.754240 152 138 187 0.5800 1 1
622 173.616354 -31.211979 3.754240 152 138 187 0.5800 1 1
623 173.642104 -30.890811 3.730375 144 131 179 0.1635 1 1
624 173.941810 -27.019402 4.018718 203 118 103 0.2160 1 1
625 173.949257 -27.089328 3.619807 202 181 181 0.4702 1 1
626 173.566743 -31.854551 3.569125 242 244 244 0.0970 1 1
627 173.622414 -31.061963 3.578976 246 244 243 0.0859 1 1
628 173.797513 -28.519124 3.349784 235 197 192 0.2567 1 1
629 173.867403 -27.761919 3.131110 48 63 64 0.1703 1 1
630 173.579044 -32.179612 2.746660 171 149 128 0.2833 1 1
631 173.542930 -32.151610 4.969910 249 248 243 0.1606 1 1
632 173.605671 -31.076328 4.713168 230 127 111 0.2108 1 1
633 173.570064 -32.457905 4.197526 246 248 243 1.0379 1 1
634 173.553719 -32.102018 4.258571 244 246 243 0.2772 1 1
635 173.563699 -31.595506 4.336022 243 245 240 0.3317 1 1
636 173.576821 -32.139950 3.612731 242 246 245 0.2970 1 1
637 173.620221 -31.030710 4.078350 154 140 186 0.3304 1 1
638 173.620221 -31.030710 4.078350 154 140 186 0.3304 1 1
639 173.903544 -27.380550 3.738871 188 108 84 0.5191 1 1
640 173.584466 -31.456353 3.326199 196 224 217 1.0204 1 1
641 173.709101 -30.271289 3.201941 247 249 248 0.9050 1 1
642 173.400854 -32.454349 1.564907 141 152 169 0.2697 1 1
643 173.375884 -32.261945 0.365618 190 53 56 0.0485 1 1
644 173.482175 -30.927592 0.553289 235 241 239 0.1392 1 1
645 173.587824 -31.266584 4.229915 242 246 240 0.1634 1 1
646 173.845494 -27.971114 4.352588 83 67 74 0.3760 1 1
647 173.738517 -28.690206 3.899837 244 245 246 0.3190 1 1
648 173.795430 -29.908333 3.130294 35 36 39 0.4946 1 1
649 173.462175 -30.943612 1.433696 235 241 240 0.5874 1 1
650 173.378724 -31.888609 0.425349 230 243 241 0.5532 1 1
651 173.478974 -31.379750 -0.255893 234 240 240 0.1304 1 1
652 173.625879 -31.013509 3.908131 194 189 211 0.3485 1 1
653 173.739291 -29.015814 4.013957 240 238 243 0.2322 1 1
654 173.739291 -29.015814 4.013957 240 238 243 0.2322 1 1
655 173.816867 -28.087013 3.901823 245 227 245 0.4397 1 1
656 173.385935 -32.408021 1.166290 251 254 247 0.3199 1 1
657 173.403577 -32.325670 -0.039870 242 246 247 0.1800 1 1
658 173.693200 -30.436255 3.868031 241 243 240 0.4621 1 1
660 173.732353 -28.963146 3.995923 179 103 127 0.0861 1 1
662 175.164255 -31.797635 2.332976 194 198 196 1.5372 1 1
663 170.683944 -26.714283 2.480654 214 176 159 1.2379 1 1
665 173.487494 -30.700330 1.380223 95 93 164 0.0850 1 1
666 173.487494 -30.700330 1.380223 95 93 164 0.0850 1 1
674 173.849642 -29.490830 5.054548 249 246 246 0.4063 1 1
675 173.630195 -30.617752 4.768966 250 251 242 0.0932 1 1
676 173.770379 -28.252507 4.615367 249 254 250 0.7771 1 1
677 173.770379 -28.252507 4.615367 249 254 250 0.7771 1 1
678 173.827198 -27.849515 4.605402 243 250 241 0.1563 1 1
680 173.563155 -33.085260 4.149663 142 133 163 0.8326 1 1
681 173.784647 -28.196148 4.472943 58 58 108 0.4010 1 1
682 173.578765 -32.359833 3.669597 133 122 172 0.2188 1 1
683 173.567776 -31.550368 3.777301 250 249 253 0.0951 1 1
684 173.567776 -31.550368 3.777301 250 249 253 0.0951 1 1
685 173.806876 -28.145069 3.881524 247 249 253 0.5101 1 1
686 173.578987 -32.092165 3.341770 249 254 254 0.5344 1 1
687 173.578987 -32.092165 3.341770 249 254 254 0.5344 1 1
688 173.904604 -27.446641 3.493026 195 93 70 0.1635 1 1
689 173.568415 -32.881964 2.738112 154 133 106 1.0359 1 1
690 172.968088 -25.918320 3.045145 60 62 86 0.5875 1 1
692 173.485574 -30.644347 1.517906 104 94 162 0.1304 1 1
695 173.362548 -32.268806 0.969899 116 110 177 0.4575 1 1
697 173.023569 -28.205308 0.196512 42 82 161 0.1839 1 1
698 173.549839 -32.015731 4.171991 133 124 165 0.0513 1 1
699 173.634125 -30.623808 4.489530 241 251 248 0.5752 1 1
700 173.891472 -27.209515 3.386629 172 98 82 0.4784 1 1
701 173.579359 -31.650998 3.056868 65 156 132 0.2195 1 1
703 174.663219 -27.473346 2.045506 231 242 231 0.2647 1 1
705 173.297179 -28.329384 1.491631 31 27 44 0.4069 1 1
707 173.534228 -31.899376 4.434465 239 138 124 0.2384 1 1
708 173.591450 -31.518946 3.430731 67 139 117 0.7226 1 1
710 173.277437 -28.175367 1.461224 237 201 203 0.1096 1 1
713 173.536198 -31.928186 4.776160 244 250 250 0.4047 1 1
714 173.562530 -32.509084 4.524360 242 252 244 0.4501 1 1
715 173.919386 -27.148955 4.498007 83 84 91 1.0661 1 1
716 173.621973 -31.054435 3.876169 246 249 246 0.4299 1 1
718 173.230626 -28.789742 0.444191 156 166 166 0.8024 1 1
719 173.586559 -32.280779 4.433166 234 136 112 0.2613 1 1
720 173.588404 -32.888957 3.708684 141 124 188 0.3230 1 1
721 173.613749 -31.310884 2.964233 110 132 138 0.2211 1 1
724 173.566038 -31.484525 4.079784 156 141 190 0.2214 1 1
725 173.566743 -31.854551 3.569125 243 245 245 0.0970 1 1
728 173.570064 -32.457905 4.197526 246 247 244 1.0379 1 1
729 173.588547 -31.266945 4.229033 242 246 240 0.1845 1 1
730 173.573051 -32.718954 3.909690 249 252 247 0.5796 1 1
731 173.675485 -28.430252 4.404394 107 115 124 1.3226 1 1
732 174.233835 -28.104627 3.021632 57 63 115 0.5052 1 1
